CPI_improvement_list         
7.306918650886464
7.241427702671098
7.15254713009309
7.236749777798567
7.030921083407399
6.834448238761282
6.736211816438223
6.647331243860225
6.25906347944052
6.216962155587787
6.497637647939372
6.404079150488843
6.198250456097685
5.9175749637460795
5.92225288861861
5.856761940403245
6.13743743275483
5.59012022266923
5.992421761706506
6.273097254058091
5.992421761706506
6.165504981989992
6.216962155587787
5.908219114001039
5.964354212471344
5.842728165785653
5.749169668335124
5.912897038873549
6.03920101043177
5.861439865275754
5.833372316040612
5.833372316040612
5.566730598306599
5.262665481592361
5.964354212471344
6.081302334284504
5.959676287598813
5.707068344482391
5.632221546521964
5.683678720119759
5.112971885671508
5.323478504935217
5.374935678533011
5.912897038873549
5.866117790148285
5.548018898816476
5.739813818590084
5.548018898816476
5.655611170884597
5.403003227768154
5.276699256209953
5.725780043972493
5.229920007484688
5.697712494737329
5.519951349581334
5.669644945502167
5.543340973943966
5.417037002385745
5.562052673434068
5.281377181082463
5.548018898816476
5.548018898816476
5.548018898816476
5.548018898816476
5.4872058754736415
5.571408523179108
5.59012022266923
5.431070777003316
5.767881367825226
5.833372316040612
5.8474060906581835
5.510595499836273
5.295410955700054
5.4684941759835395
5.7772372175702875
5.393647378023113
5.716424194227431
5.445104551620908
5.304766805445115
5.599476072414271
5.679000795247228
5.566730598306599
5.8286943911680815
5.753847593207655
5.884829489638407
5.711746269354921
5.707068344482391
5.898863264255978
6.043878935304301
5.711746269354921
5.4684941759835395
5.548018898816476
5.445104551620908
5.931608738363671
5.552696823689007
5.70239041960986
5.795948917060389
5.866117790148285
5.884829489638407
5.716424194227431
5.926930813491141
5.753847593207655
5.880151564765876
5.8474060906581835
5.36090190391542
5.641577396267025
5.510595499836273
5.772559292697757
5.8474060906581835
5.781915142442817
5.898863264255978
5.861439865275754
5.894185339383448
5.454460401365948
5.650933246012066
5.767881367825226
5.604153997286802
5.781915142442817
5.781915142442817
5.8286943911680815
5.781915142442817
5.594798147541761
5.81933854142302
5.5246292744538446
5.781915142442817
5.781915142442817
5.781915142442817
5.781915142442817
