CPI_list                     
1.9956692516869776
1.997079262765636
1.9989928492295297
1.997179977842683
2.0016114412327526
2.005841474468728
2.007956491086716
2.0098700775506093
2.018229428945513
2.0191358646389364
2.0130929600161145
2.015107261557055
2.0195387249471244
2.0255816295699467
2.0254809144928996
2.026890925571558
2.020848020948736
2.032631684963239
2.023970188337194
2.0179272837143722
2.023970188337194
2.020243730486454
2.0191358646389364
2.0257830597240405
2.0245744787994764
2.0271930708026993
2.02920737234364
2.025682344646994
2.022963037566724
2.0267902104945112
2.027394500956793
2.027394500956793
2.033135260348474
2.0396817403565315
2.0245744787994764
2.0220566018733006
2.0246751938765235
2.030113808037063
2.0317252492698157
2.0306173834222982
2.0429046228220367
2.03837244435492
2.0372645785074024
2.025682344646994
2.026689495417464
2.0335381206566625
2.0294088024977337
2.0335381206566625
2.0312216738845805
2.0366602880451206
2.03937959512539
2.029710947728875
2.0403867458958604
2.0303152381911573
2.0341424111189443
2.0309195286534396
2.033638835733709
2.036358142813979
2.033235975425521
2.0392788800483435
2.0335381206566625
2.0335381206566625
2.0335381206566625
2.0335381206566625
2.0348474166582737
2.0330345452714274
2.032631684963239
2.0360559975828383
2.028804512035452
2.027394500956793
2.027092355725652
2.0343438412730386
2.038976734817202
2.0352502769664618
2.0286030818813576
2.0368617181992144
2.0299123778829693
2.035753852351697
2.038775304663108
2.032430254809145
2.0307180984993454
2.033135260348474
2.02749521603384
2.029106657266593
2.0262866351092756
2.030013092960016
2.030113808037063
2.0259844898781347
2.0228623224896767
2.030013092960016
2.0352502769664618
2.0335381206566625
2.035753852351697
2.0252794843388053
2.0334374055796154
2.03021452311411
2.0282002215731696
2.026689495417464
2.0262866351092756
2.0299123778829693
2.0253801994158525
2.029106657266593
2.0263873501863228
2.027092355725652
2.0375667237385438
2.0315238191157214
2.0343438412730386
2.0287037969584047
2.027092355725652
2.0285023668043105
2.0259844898781347
2.0267902104945112
2.026085204955182
2.035552422197603
2.0313223889616276
2.028804512035452
2.032329539732098
2.0285023668043105
2.0285023668043105
2.02749521603384
2.0285023668043105
2.0325309698861918
2.0276966461879344
2.0340416960418977
2.0285023668043105
2.0285023668043105
2.0285023668043105
2.0285023668043105
