fract_unused_cache_list      
0.0
0.0
0.0
0.0
0.0
0.0
0.0
0.0
0.0
0.0
0.0
0.0
0.0
0.0
0.0
0.0
0.0
0.0
0.0
2.5
2.3809523809523796
2.2727272727272663
2.173913043478265
2.0833333333333286
4.0
3.8461538461538396
5.555555555555557
5.357142857142861
5.172413793103445
5.0
4.838709677419359
4.6875
3.030303030303031
2.941176470588232
5.714285714285708
4.166666666666671
1.3513513513513544
5.263157894736835
5.128205128205124
11.25
9.756097560975604
10.714285714285708
11.627906976744185
10.227272727272734
13.333333333333329
13.043478260869563
15.957446808510639
14.583333333333329
15.306122448979593
15.0
15.686274509803923
15.384615384615387
16.037735849056602
15.740740740740748
16.36363636363636
16.07142857142857
16.66666666666667
18.103448275862064
17.79661016949153
18.33333333333333
18.032786885245898
18.548387096774192
19.04761904761905
20.3125
21.538461538461533
23.484848484848484
23.88059701492537
27.205882352941174
23.188405797101453
22.85714285714286
23.94366197183099
25.0
22.602739726027394
27.70270270270271
28.66666666666667
27.631578947368425
24.025974025974023
26.282051282051285
28.481012658227854
28.75
29.629629629629633
29.268292682926827
30.722891566265062
30.35714285714286
31.17647058823529
31.976744186046517
31.60919540229885
31.25
33.70786516853933
32.22222222222223
33.51648351648352
34.78260869565217
36.02150537634409
35.1063829787234
36.31578947368421
35.9375
35.567010309278345
37.244897959183675
36.86868686868687
36.0
37.12871287128713
36.76470588235294
37.37864077669903
37.98076923076923
38.57142857142857
38.679245283018865
39.7196261682243
36.574074074074076
38.99082568807339
39.09090909090909
39.189189189189186
39.732142857142854
40.26548672566372
40.78947368421053
40.43478260869565
40.08620689655172
41.02564102564103
41.101694915254235
39.91596638655462
41.25
41.32231404958678
42.21311475409836
41.86991869918699
43.54838709677419
42.8
43.25396825396825
43.30708661417323
43.75
