fract_predicted_branch_list  
39.05129619415334
39.5477109762824
41.58852730281302
42.857142857142854
43.02261445118588
45.06343077771649
45.8907887479316
46.442360728075016
47.1042471042471
48.041919470490896
48.59349145063431
49.94487320837927
51.32304299889746
53.41786108048512
53.96912899669239
54.41014332965821
53.63436123348018
55.12679162072767
56.58402203856749
57.76431718061674
57.709251101321584
57.213656387665196
58.09471365638767
57.54405286343612
57.929515418502206
58.42511013215859
58.5352422907489
60.07709251101321
60.13215859030837
61.12334801762115
61.013215859030836
61.23348017621145
59.128516271373414
63.215859030837
62.55506607929515
60.79295154185022
64.92290748898678
62.58953168044077
63.8215859030837
61.8942731277533
61.508810572687224
61.37741046831956
66.07929515418502
65.52863436123349
66.4647577092511
65.2533039647577
66.40969162995594
65.84022038567493
65.0330396475771
66.3546255506608
65.69383259911895
68.33700440528635
67.7863436123348
67.84140969162996
69.21806167400881
67.62114537444934
68.50220264317181
67.89647577092511
69.1079295154185
69.43832599118943
69.87885462555066
69.87885462555066
69.87885462555066
69.87885462555066
71.20044052863436
69.47658402203857
70.48458149779735
72.2466960352423
70.48458149779735
71.86123348017621
68.87052341597796
70.26431718061674
70.52341597796143
69.65859030837004
73.40308370044053
71.97136563876651
74.50440528634361
72.85242290748899
72.02643171806167
71.36563876651982
70.35812672176309
71.86123348017621
72.79735682819383
72.02643171806167
74.00881057268722
72.4669603524229
73.45814977973568
73.29295154185021
71.16868798235943
73.29295154185021
72.68722466960352
73.62334801762114
73.07268722466961
73.34801762114537
73.12775330396475
73.95374449339207
71.58590308370044
74.06387665198238
73.01762114537445
74.17400881057269
73.51321585903084
75.27533039647577
73.01762114537445
74.65564738292011
72.19162995594714
74.49035812672176
73.62334801762114
75.38546255506608
74.28414096916299
75.44052863436123
74.72466960352423
74.21487603305785
74.44933920704845
74.39427312775331
74.39427312775331
75.27533039647577
74.55947136563877
75.44052863436123
75.44052863436123
74.33920704845815
75.44052863436123
74.00881057268722
75.22026431718062
75.05506607929516
75.44052863436123
75.44052863436123
75.44052863436123
75.44052863436123
