fract_used_cache_list        
100.0
100.0
100.0
100.0
100.0
100.0
100.0
100.0
100.0
100.0
100.0
100.0
100.0
100.0
100.0
100.0
100.0
100.0
100.0
97.5
97.61904761904762
97.72727272727273
97.82608695652173
97.91666666666667
96.0
96.15384615384616
94.44444444444444
94.64285714285714
94.82758620689656
95.0
95.16129032258064
95.3125
96.96969696969697
97.05882352941177
94.28571428571429
95.83333333333333
98.64864864864865
94.73684210526316
94.87179487179488
88.75
90.2439024390244
89.28571428571429
88.37209302325581
89.77272727272727
86.66666666666667
86.95652173913044
84.04255319148936
85.41666666666667
84.6938775510204
85.0
84.31372549019608
84.61538461538461
83.9622641509434
84.25925925925925
83.63636363636364
83.92857142857143
83.33333333333333
81.89655172413794
82.20338983050847
81.66666666666667
81.9672131147541
81.45161290322581
80.95238095238095
79.6875
78.46153846153847
76.51515151515152
76.11940298507463
72.79411764705883
76.81159420289855
77.14285714285714
76.05633802816901
75.0
77.3972602739726
72.29729729729729
71.33333333333333
72.36842105263158
75.97402597402598
73.71794871794872
71.51898734177215
71.25
70.37037037037037
70.73170731707317
69.27710843373494
69.64285714285714
68.82352941176471
68.02325581395348
68.39080459770115
68.75
66.29213483146067
67.77777777777777
66.48351648351648
65.21739130434783
63.97849462365591
64.8936170212766
63.68421052631579
64.0625
64.43298969072166
62.755102040816325
63.13131313131313
64.0
62.87128712871287
63.23529411764706
62.62135922330097
62.01923076923077
61.42857142857143
61.320754716981135
60.2803738317757
63.425925925925924
61.00917431192661
60.90909090909091
60.810810810810814
60.267857142857146
59.73451327433628
59.21052631578947
59.56521739130435
59.91379310344828
58.97435897435897
58.898305084745765
60.08403361344538
58.75
58.67768595041322
57.78688524590164
58.13008130081301
56.45161290322581
57.2
56.74603174603175
56.69291338582677
56.25
