fract_corr_predictions_list  
90.81920903954803
90.2370990237099
89.38992042440319
89.06048906048906
88.2051282051282
86.78090575275398
85.9375
85.5106888361045
84.89461358313817
84.50057405281287
84.7900113507378
84.76821192052981
83.45864661654136
82.04334365325077
82.02247191011236
81.86423505572442
83.05954825462013
81.3
81.8889970788705
82.65014299332698
81.77480916030534
82.09817131857555
82.18009478672985
81.14832535885168
81.55893536121673
81.14985862393968
81.09125117591722
81.48487626031164
81.86813186813187
81.44144144144144
81.31768953068593
81.38489208633094
80.41044776119404
80.92334494773519
81.69014084507042
83.06159420289855
81.6793893129771
81.51408450704226
80.93183779119931
81.40569395017793
79.67770814682184
80.52064631956912
80.25
81.76470588235294
81.6072908036454
80.59071729957806
81.17744610281923
80.5020920502092
80.77900084674005
80.33195020746888
79.71500419111484
81.30539887187751
79.69130787977254
81.08766233766234
80.7478122513922
80.61889250814332
80.78778135048232
80.04866180048661
80.79681274900399
79.93655828707375
80.69345941686367
80.69345941686367
80.69345941686367
80.69345941686367
80.35576179427687
81.12609040444092
80.625
80.8689024390244
80.9375
81.68582375478927
81.28
80.72100313479623
80.0
80.71146245059289
81.09527381845461
80.48967100229534
80.93126385809313
80.95238095238095
79.58715596330275
80.78703703703704
80.18794048551293
80.6896551724138
81.46747352496217
81.03975535168196
81.54761904761905
81.0030395136778
80.8095952023988
81.51765589782119
81.33230054221534
80.99173553719008
80.37878787878788
80.25430067314885
80.33157498116051
81.23123123123123
80.79819277108433
80.78927773641102
81.07692307692308
81.33828996282529
81.52337858220211
80.92056421677802
81.72284644194757
81.19970738844184
81.2971342383107
81.25461254612546
80.01525553012968
80.69526627218934
80.5534779356769
81.22717311906501
81.39362490733878
81.24087591240875
81.57700810611644
81.29175946547885
81.50887573964496
80.38490007401924
80.82901554404145
81.19970738844184
80.57607090103397
81.24087591240875
81.24087591240875
81.11111111111111
81.24087591240875
80.50595238095238
81.33235724743777
80.55759354365371
81.24087591240875
81.24087591240875
81.24087591240875
81.24087591240875
