fract_incorr_predictions_list
9.180790960451972
9.762900976290098
10.610079575596814
10.939510939510939
11.794871794871796
13.21909424724602
14.0625
14.489311163895493
15.105386416861833
15.499425947187135
15.2099886492622
15.231788079470192
16.54135338345864
17.956656346749227
17.97752808988764
18.13576494427558
16.940451745379875
18.700000000000003
18.111002921129497
17.34985700667302
18.225190839694662
17.901828681424448
17.819905213270147
18.85167464114832
18.441064638783274
18.85014137606032
18.908748824082778
18.515123739688363
18.13186813186813
18.55855855855856
18.682310469314075
18.615107913669064
19.589552238805965
19.07665505226481
18.309859154929583
16.938405797101453
18.320610687022906
18.485915492957744
19.068162208800686
18.594306049822066
20.322291853178157
19.479353680430876
19.75
18.235294117647058
18.392709196354602
19.40928270042194
18.822553897180768
19.4979079497908
19.220999153259953
19.66804979253112
20.284995808885157
18.694601128122486
20.308692120227462
18.912337662337663
19.252187748607795
19.38110749185668
19.21221864951768
19.951338199513387
19.20318725099601
20.06344171292625
19.306540583136325
19.306540583136325
19.306540583136325
19.306540583136325
19.644238205723127
18.873909595559084
19.375
19.131097560975604
19.0625
18.31417624521073
18.72
19.278996865203766
20.0
19.28853754940711
18.904726181545385
19.51032899770466
19.068736141906868
19.04761904761905
20.41284403669725
19.212962962962962
19.812059514487075
19.310344827586206
18.532526475037827
18.96024464831804
18.45238095238095
18.996960486322195
19.190404797601204
18.482344102178814
18.667699457784664
19.00826446280992
19.621212121212125
19.745699326851152
19.668425018839486
18.768768768768766
19.20180722891567
19.210722263588977
18.92307692307692
18.661710037174714
18.476621417797887
19.07943578322198
18.277153558052433
18.800292611558163
18.702865761689296
18.745387453874542
19.98474446987032
19.304733727810657
19.446522064323105
18.772826880934986
18.606375092661224
18.759124087591246
18.422991893883562
18.708240534521153
18.491124260355036
19.615099925980758
19.170984455958546
18.800292611558163
19.423929098966028
18.759124087591246
18.759124087591246
18.888888888888886
18.759124087591246
19.49404761904762
18.66764275256223
19.44240645634629
18.759124087591246
18.759124087591246
18.759124087591246
18.759124087591246
