num_branch_instr_list        
1813
1813
1813
1813
1813
1813
1813
1813
1813
1813
1813
1814
1814
1814
1814
1814
1816
1814
1815
1816
1816
1816
1816
1816
1816
1816
1816
1816
1816
1816
1816
1816
1813
1816
1816
1816
1816
1815
1816
1816
1816
1815
1816
1816
1816
1816
1816
1815
1816
1816
1816
1816
1816
1816
1816
1816
1816
1816
1816
1816
1816
1816
1816
1816
1816
1815
1816
1816
1816
1816
1815
1816
1815
1816
1816
1816
1816
1816
1816
1816
1815
1816
1816
1816
1816
1816
1816
1816
1814
1816
1816
1816
1816
1816
1816
1816
1816
1816
1816
1816
1816
1816
1816
1815
1816
1815
1816
1816
1816
1816
1816
1815
1816
1816
1816
1816
1816
1816
1816
1816
1816
1816
1816
1816
1816
1816
1816
1816
