num_corr_predictions_list    
643
647
674
692
688
709
715
720
725
736
747
768
777
795
803
808
809
813
841
867
857
853
867
848
858
861
862
889
894
904
901
905
862
929
928
917
963
926
938
915
890
897
963
973
985
955
979
962
954
968
951
1009
981
999
1015
990
1005
987
1014
1008
1024
1024
1024
1024
1039
1023
1032
1061
1036
1066
1016
1030
1024
1021
1081
1052
1095
1071
1041
1047
1024
1053
1077
1060
1096
1066
1078
1085
1050
1078
1061
1073
1066
1082
1073
1085
1054
1094
1081
1090
1091
1110
1078
1101
1049
1091
1077
1112
1098
1113
1107
1095
1102
1086
1092
1110
1091
1113
1113
1095
1113
1082
1111
1098
1113
1113
1113
1113
