num_predictions_list         
708
717
754
777
780
817
832
842
854
871
881
906
931
969
979
987
974
1000
1027
1049
1048
1039
1055
1045
1052
1061
1063
1091
1092
1110
1108
1112
1072
1148
1136
1104
1179
1136
1159
1124
1117
1114
1200
1190
1207
1185
1206
1195
1181
1205
1193
1241
1231
1232
1257
1228
1244
1233
1255
1261
1269
1269
1269
1269
1293
1261
1280
1312
1280
1305
1250
1276
1280
1265
1333
1307
1353
1323
1308
1296
1277
1305
1322
1308
1344
1316
1334
1331
1291
1331
1320
1337
1327
1332
1328
1343
1300
1345
1326
1347
1335
1367
1326
1355
1311
1352
1337
1369
1349
1370
1357
1347
1352
1351
1351
1367
1354
1370
1370
1350
1370
1344
1366
1363
1370
1370
1370
1370
