num_cycles_list              
19815
19829
19848
19830
19874
19916
19937
19956
20039
20048
19988
20008
20052
20112
20111
20125
20065
20182
20096
20036
20096
20059
20048
20114
20102
20128
20148
20113
20086
20124
20130
20130
20187
20252
20102
20077
20103
20157
20173
20162
20284
20239
20228
20113
20123
20191
20150
20191
20168
20222
20249
20153
20259
20159
20197
20165
20192
20219
20188
20248
20191
20191
20191
20191
20204
20186
20182
20216
20144
20130
20127
20199
20245
20208
20142
20224
20155
20213
20243
20180
20163
20187
20131
20147
20119
20156
20157
20116
20085
20156
20208
20191
20213
20109
20190
20158
20138
20123
20119
20155
20110
20147
20120
20127
20231
20171
20199
20143
20127
20141
20116
20124
20117
20211
20169
20144
20179
20141
20141
20131
20141
20181
20133
20196
20141
20141
20141
20141
