num_incorr_inpredictions_list
65
70
80
85
92
108
117
122
129
135
134
138
154
174
176
179
165
187
186
182
191
186
188
197
194
200
201
202
198
206
207
207
210
219
208
187
216
210
221
209
227
217
237
217
222
230
227
233
227
237
242
232
250
233
242
238
239
246
241
253
245
245
245
245
254
238
248
251
244
239
234
246
256
244
252
255
258
252
267
249
253
252
245
248
248
250
256
246
241
253
259
264
261
250
255
258
246
251
245
257
244
257
248
254
262
261
260
257
251
257
250
252
250
265
259
257
263
257
257
255
257
262
255
265
257
257
257
257
