cell_area_list   
17441.184
18020.381
18595.987
19153.642
19743.61
20294.083
20858.755
21401.885
22039.018
22606.954
23169.667
23689.949
24394.483
24795.139
25548.47
25935.744
26698.704
27214.09
27775.008
28278.154
29013.043
29434.752
30081.84
30512.362
31147.862
31716.451
32181.898
32912.054
33499.411
33914.429
34572.288
34793.587
35869.728
36283.766
36887.77
37247.626
38199.734
38597.29
39380.323
39420.797
40503.629
40858.752
41633.462
41994.461
42888.307
43153.344
44010.144
43911.571
45184.205
45537.696
46289.885
46576.79
47618.496
47873.741
48692.026
48287.942
49790.851
50077.757
50821.459
51100.368
52079.731
52110.25
53012.093
52551.216
54001.411
54309.206
55242.384
55394.16
56608.858
56831.952
57732.163
57405.11
58720.339
59040.211
59852.784
60145.728
61247.491
61266.749
62128.934
61741.171
63572.602
63833.395
64655.76
64785.994
66103.834
66177.437
66964.714
66047.856
68141.222
68383.901
69149.309
69438.662
70517.251
70297.421
71556.998
70153.152
72407.27
72697.766
73816.666
73763.952
75080.813
75242.87
76080.25
75555.235
77210.736
77497.152
78336.0
78511.93
79855.555
79630.666
80632.387
80043.398
81977.645
82168.915
83189.731
83100.624
84688.234
84520.464
85421.818
83513.52
86530.109
86566.829
87360.307
87637.421
88881.821
87740.237
89340.086
87613.594
