cell_count_list  
9523.0
9730.0
9899.0
10174.0
10347.0
10553.0
10634.0
10936.0
11140.0
11394.0
11542.0
11765.0
11966.0
12185.0
12448.0
12583.0
12860.0
13038.0
13241.0
13415.0
13734.0
13909.0
14157.0
14284.0
14458.0
14722.0
14972.0
15090.0
15274.0
15554.0
15559.0
15719.0
16187.0
16303.0
16510.0
16619.0
17036.0
17279.0
17416.0
17336.0
17932.0
18154.0
18288.0
18332.0
18652.0
18814.0
19047.0
19102.0
19225.0
19623.0
19919.0
19967.0
20225.0
20515.0
20582.0
20392.0
21164.0
21324.0
21476.0
21607.0
21990.0
22036.0
22194.0
21795.0
22520.0
22661.0
22965.0
22874.0
23378.0
23528.0
23611.0
23558.0
24132.0
24187.0
24574.0
24712.0
25063.0
25197.0
25292.0
25241.0
25708.0
25859.0
26317.0
26488.0
26823.0
27025.0
27145.0
26708.0
27332.0
27494.0
27730.0
27886.0
28312.0
28233.0
28567.0
28163.0
28857.0
28957.0
29179.0
29207.0
29751.0
29792.0
30039.0
29951.0
30648.0
30635.0
30983.0
31198.0
31582.0
31526.0
31815.0
31644.0
32228.0
32363.0
32497.0
32722.0
33049.0
33054.0
33438.0
32765.0
33664.0
33878.0
34368.0
34101.0
34809.0
34534.0
35096.0
34458.0
