frac_reg_pwr_list
43.82982367866052
44.619511852994805
44.87875361655468
45.67729556447704
46.2567266562851
46.87524175455788
47.15029854015294
48.24537459722836
48.1743518399873
48.897326116810724
49.233796030406644
49.984244157208295
50.13273543111273
50.94752556122018
51.216594645151794
51.63626047966862
52.093840602101764
52.37817673117277
52.568474458208364
53.13601472798859
53.449346949907564
53.88537864422109
54.30680218612643
54.778907937348464
55.05095638056745
55.29589921510636
55.74299920258923
56.091483409600386
56.4689838209398
56.88389065456949
56.91506217566508
57.23754094994956
57.592260434808985
57.668851353238246
57.88504793724886
58.31674326598083
58.16018483816365
58.502217756757425
59.02599780300256
59.09984440202297
59.46668508178285
59.673044254299775
59.762507788131956
60.24710002272981
60.32397922541333
60.62217320190702
60.91445071453656
60.775375024352236
61.02276560633826
61.479406483456145
61.453631231239775
61.7775372856708
61.89445271812099
61.958773771547364
62.36001209962946
62.126027757907266
62.55095492844948
62.90670671575694
63.07908662895504
63.252138826427334
63.64051028242792
63.67943131192639
63.81946106197675
63.529423206913144
63.89958066477663
63.68022388527447
64.08539383479626
64.14099292803085
64.1387496702717
64.30031963366808
64.61988741840828
64.52560702512133
64.76112361738474
64.9000049990149
64.97572411597433
65.21140913435302
65.44256254389231
65.49988509040973
65.52764753617961
65.55939530337388
65.78582401491133
65.85741752793142
65.99028495388676
66.23903911059246
66.11812114075497
66.00699841907168
66.20054556808097
66.11317690302175
66.42848226035484
66.44006520942507
66.47344037864129
66.85954942519317
66.9874929489307
66.97334937013356
67.20371934489152
66.95320337799225
67.24116177234605
67.25647475013734
67.40159209442767
67.55766563403174
67.58406043328438
67.67651111244233
67.85130024960706
67.91396430795119
68.0195819247371
68.06028025853108
68.11339227814491
68.3131267601737
68.39853862663135
68.45191818447763
68.62861256674475
68.51905018582087
68.71250540901016
68.83232581750968
68.72084752824415
68.95445608465259
69.00137953420432
68.98291891798132
69.2660589886071
69.0804510675932
69.29287621956863
69.38684120607067
69.66107821934708
69.39976498434805
69.76305142321296
69.70178489127247
69.59846681327387
69.50444873827072
