net_area_list    
6047.629
6167.102
6264.955
6396.825
6498.351
6606.748
6676.551
6811.81
6931.591
7056.19
7146.757
7254.348
7375.208
7476.136
7624.623
7693.454
7838.776
7940.177
8043.522
8140.296
8301.579
8389.22
8519.312
8589.779
8700.628
8828.152
8945.14
9032.284
9138.795
9262.489
9310.979
9375.597
9609.674
9679.601
9788.181
9852.051
10063.894
10171.676
10273.85
10246.298
10527.818
10626.095
10729.341
10762.053
10937.087
11008.842
11146.37
11156.25
11293.354
11446.303
11597.142
11633.834
11795.084
11908.466
11991.904
11894.607
12263.013
12336.314
12442.858
12501.377
12699.211
12718.346
12834.097
12665.004
13015.662
13083.603
13253.453
13241.455
13498.539
13564.503
13654.546
13612.694
13901.319
13941.841
14131.017
14195.452
14393.643
14438.162
14530.514
14481.559
14767.225
14834.128
15046.469
15111.951
15317.578
15388.868
15485.691
15273.799
15629.293
15702.436
15836.848
15905.853
16126.453
16085.831
16284.537
16048.4
16443.801
16497.019
16646.462
16651.871
16927.592
16951.597
17094.326
17025.346
17378.273
17392.821
17572.517
17653.852
17877.418
17845.529
18011.955
17908.801
18241.246
18300.588
18418.507
18488.243
18705.162
18695.408
18888.987
18530.826
19041.895
19117.697
19338.504
19267.264
19591.567
19422.698
19749.244
19410.982
