regis_power_list 
0.000122823
0.000127237
0.000131383
0.000136645
0.000140799
0.000145422
0.000148539
0.000153772
0.000157903
0.000163431
0.000167164
0.000171311
0.000176192
0.000180879
0.000184538
0.000187483
0.000193874
0.000197692
0.000202253
0.000206079
0.000211653
0.00021568
0.000220295
0.000223447
0.000228549
0.000233331
0.000237677
0.000242212
0.000245958
0.000251288
0.000253243
0.000256486
0.000265862
0.000268456
0.000273563
0.000276233
0.000282434
0.000286476
0.000291772
0.000291325
0.000301395
0.000304903
0.000309819
0.000312768
0.000319179
0.000322085
0.00032783
0.000327558
0.000334658
0.000339303
0.000345386
0.000347073
0.000354511
0.00035796
0.000362833
0.000358684
0.000373336
0.000375721
0.000380365
0.000383122
0.000392058
0.000392364
0.000397384
0.00039192
0.000404577
0.000406397
0.000414769
0.000413762
0.000423081
0.000425472
0.000431635
0.000428461
0.000439004
0.000441407
0.000448992
0.000451679
0.00046034
0.00046171
0.00046511
0.000463461
0.000475769
0.000478167
0.000486485
0.000489274
0.000497482
0.000498937
0.000503571
0.000494992
0.000510843
0.000513104
0.000517404
0.000522145
0.000530831
0.000528989
0.000537869
0.000527223
0.000543591
0.000546019
0.000552474
0.000552821
0.000563278
0.000564862
0.00057112
0.000568283
0.000581479
0.00058201
0.000589251
0.000592587
0.000602652
0.000601359
0.000608195
0.000603807
0.0006177
0.000619652
0.000625124
0.000628122
0.000637728
0.000636315
0.000644698
0.000629564
0.000651484
0.000653878
0.000662899
0.000660878
0.000674022
0.000665429
0.000674746
0.000660792
