total_power_list 
0.000280227
0.00028516
0.000292751
0.000299153
0.000304386
0.000310232
0.000315033
0.000318729
0.000327774
0.000334233
0.000339531
0.00034273
0.000351451
0.00035503
0.000360309
0.000363084
0.000372163
0.000377432
0.000384742
0.000387833
0.000395988
0.000400257
0.000405649
0.000407907
0.000415159
0.000421968
0.00042638
0.000431816
0.000435563
0.000441756
0.000444949
0.000448108
0.000461628
0.000465513
0.000472597
0.000473677
0.000485614
0.000489684
0.000494311
0.000492937
0.00050683
0.000510956
0.000518417
0.000519142
0.000529108
0.000531299
0.000538181
0.000538965
0.000548415
0.000551897
0.000562027
0.000561811
0.000572767
0.000577739
0.000581836
0.000577349
0.000596851
0.000597267
0.000602997
0.000605706
0.000616051
0.000616155
0.000622669
0.000616911
0.000633145
0.000638184
0.000647213
0.000645082
0.000659634
0.000661695
0.00066796
0.000664017
0.000677882
0.000680134
0.000691015
0.000692638
0.000703426
0.000704902
0.000709792
0.000706933
0.000723209
0.000726064
0.000737207
0.000738649
0.000752414
0.000755885
0.000760675
0.000748704
0.000769012
0.000772281
0.000778362
0.000780958
0.000792433
0.00078985
0.000800356
0.00078745
0.00080842
0.000811846
0.000819675
0.000818295
0.000833448
0.00083465
0.000841723
0.000836769
0.00085487
0.000855139
0.000865103
0.000867457
0.000881089
0.000878513
0.000886212
0.000881225
0.000898963
0.000900234
0.000909657
0.000910923
0.000924225
0.000922424
0.000930756
0.000911349
0.000940189
0.000942366
0.000951606
0.000952277
0.000966159
0.00095468
0.000969484
0.000950719
