total_area_list  
23488.813
24187.483
24860.942
25550.467
26241.96
26900.831
27535.306
28213.695
28970.608
29663.144
30316.424
30944.297
31769.692
32271.275
33173.094
33629.198
34537.48
35154.266
35818.53
36418.449
37314.622
37823.972
38601.152
39102.141
39848.49
40544.603
41127.038
41944.338
42638.206
43176.917
43883.267
44169.184
45479.402
45963.367
46675.951
47099.677
48263.628
48768.966
49654.173
49667.095
51031.447
51484.847
52362.803
52756.514
53825.394
54162.186
55156.514
55067.821
56477.559
56983.999
57887.027
58210.624
59413.58
59782.207
60683.929
60182.55
62053.864
62414.071
63264.317
63601.745
64778.942
64828.596
65846.19
65216.22
67017.073
67392.81
68495.837
68635.615
70107.396
70396.455
71386.709
71017.805
72621.658
72982.052
73983.801
74341.18
75641.134
75704.91
76659.449
76222.73
78339.827
78667.523
79702.229
79897.945
81421.412
81566.305
82450.405
81321.655
83770.516
84086.337
84986.157
85344.516
86643.704
86383.252
87841.536
86201.552
88851.072
89194.786
90463.128
90415.823
92008.405
92194.467
93174.576
92580.581
94589.009
94889.973
95908.517
96165.782
97732.973
97476.195
98644.342
97952.199
100218.891
100469.503
101608.238
101588.867
103393.396
103215.872
104310.805
102044.346
105572.004
105684.526
106698.812
106904.685
108473.388
107162.935
109089.33
107024.576
